function g= Rect2Circ()
g = [ 2.0000    2.0000    2.0000    2.0000    2.0000    4.0000    4.0000    4.0000 4.0000    4.0000    4.0000    4.0000    4.0000;
    6.0000    6.0000    6.0000   -2.0000   -2.0000   -1.0000    0.0000    1.0000 0.0000    4.0000    5.0000    6.0000    5.0000;
   -2.0000    6.0000    6.0000    6.0000   -2.0000    0.0000    1.0000    0.0000 -1.0000    5.0000    6.0000    5.0000    4.0000;
    2.0000   -2.0000         0   -2.0000   -2.0000   -0.0000   -1.0000         0 1.0000   -0.0000   -1.0000         0    1.0000 ;
    2.0000         0    2.0000   -2.0000    2.0000   -1.0000         0    1.0000 -0.0000   -1.0000         0    1.0000   -0.0000;
    1.0000    1.0000    1.0000    1.0000         0         0         0         0       0         0         0         0         0;
         0         0         0         0    1.0000    1.0000    1.0000    1.0000  1.0000    1.0000    1.0000    1.0000    1.0000;
         0         0         0         0         0         0         0         0       0    5.0000    5.0000    5.0000    5.0000;
         0         0         0         0         0         0         0         0       0         0         0         0         0;
         0         0         0         0         0    1.0000    1.0000    1.0000 1.0000    1.0000    1.0000    1.0000    1.0000;
         0         0         0         0         0    1.0000    1.0000    1.0000 1.0000    1.0000    1.0000    1.0000    1.0000;
         0         0         0         0         0         0         0         0      0         0         0         0         0];
     