function g=DFG2() 
g=[2.0000    2.0000    2.0000    2.0000    2.0000    2.0000    2.0000    2.0000 1.0000    1.0000    1.0000    1.0000;
    2.1000    2.1000    1.1000    1.1000    0.0000    0.0000    0.9000    0.9000 0.1500    0.2000    0.2500    0.2000;
    2.1000    0.0000    1.1000    0.9000    0.0000    2.1000    0.9000    1.1000 0.2000    0.2500    0.2000    0.1500;
         0    0.4000    0.3000    0.1000         0         0    0.1000    0.3000 0.2000    0.1500    0.2000    0.2500 ;
    0.4000    0.4000    0.1000    0.1000    0.4000         0    0.3000    0.3000 0.1500    0.2000    0.2500    0.2000 ;
    1.0000    1.0000    1.0000    1.0000         0    1.0000    1.0000    1.0000      0         0         0         0;
         0         0         0         0    1.0000         0         0         0 1.0000    1.0000    1.0000    1.0000;
         0         0         0         0         0         0         0         0 0.2000    0.2000    0.2000    0.2000;
         0         0         0         0         0         0         0         0 0.2000    0.2000    0.2000    0.2000 ;
         0         0         0         0         0         0         0         0 0.0500    0.0500    0.0500    0.0500];
     