function g = threeSlits()
g=[2.0000    2.0000    2.0000    2.0000    2.0000    2.0000    2.0000    2.0000    2.0000    2.0000    2.0000 2.0000    2.0000    2.0000    2.0000    2.0000;
    1.0000    1.0000         0   -0.3000         0   -0.3000         0   -0.3000         0   -0.3000   -0.3000  -0.3000         0         0         0         0;
    1.0000         0   -0.3000         0   -0.3000         0   -0.3000         0    1.0000   -0.3000   -0.3000  -0.3000         0         0         0         0;
         0    1.0000    0.8500    0.7500    0.5500    0.4500    0.2500    0.1500         0    0.1500    0.4500  0.7500         0    0.2500    0.5500    0.8500;
    1.0000    1.0000    0.8500    0.7500    0.5500    0.4500    0.2500    0.1500         0    0.2500    0.5500  0.8500    0.1500    0.4500    0.7500    1.0000;
    1.0000    1.0000    1.0000    1.0000    1.0000    1.0000    1.0000    1.0000    1.0000         0         0           0         0         0         0         0;

         0         0         0         0         0         0         0         0         0    1.0000    1.0000 1.0000    1.0000    1.0000    1.0000    1.0000];
     
     